v1 = 1:135;
v2 = 28:162;
v3 = 55:189;
v4 = 82:216;
